==============llama2-13b modu===================
======================= module time ========================
Mean_values = [0.0018728142604231834, 0.0018629394471645355, 0.004901546984910965, 0.0019003693014383316, 0.0008921418339014053, 0.0009082779288291931, 0.0030142618343234062, 0.0019147293642163277, 0.0008955188095569611, 0.0017449352890253067, 0.0008974634110927582, 0.0008801650255918503, 0.0008885273709893227, 0.0008822372183203697, 0.0008779112249612808, 0.0008841846138238907, 0.0008904533460736275, 0.0008968189358711243, 0.0008966401219367981, 0.0008976748213171959, 0.000898522324860096, 0.0008907318115234375, 0.0008979355916380882, 0.0009006960317492485, 0.003922641277313232, 0.0016072159633040428, 0.0009074099361896515, 0.0031158337369561195, 0.0008819941431283951, 0.0009187441319227219, 0.0008984934538602829, 0.0009000161662697792, 0.0009110579267144203, 0.0009294962510466576, 0.0009057801216840744, 0.0009244633838534355, 0.000906679779291153, 0.0009190253913402557, 0.00090799480676651, 0.0009128497913479805]
Max_values = [0.23215913772583008, 0.2517244815826416, 0.3962581157684326, 0.26046156883239746, 0.0034208297729492188, 0.008238792419433594, 0.5335617065429688, 0.25746989250183105, 0.0039708614349365234, 0.22198939323425293, 0.0033822059631347656, 0.0033707618713378906, 0.003388643264770508, 0.003350496292114258, 0.0026459693908691406, 0.003945350646972656, 0.0032515525817871094, 0.00324249267578125, 0.003205537796020508, 0.0029048919677734375, 0.0033044815063476562, 0.003850221633911133, 0.00453495979309082, 0.0038268566131591797, 0.43280553817749023, 0.1882181167602539, 0.004297733306884766, 0.5725629329681396, 0.0024831295013427734, 0.00866079330444336, 0.0048787593841552734, 0.006884574890136719, 0.00669097900390625, 0.007289409637451172, 0.007308244705200195, 0.007435798645019531, 0.00750422477722168, 0.00750279426574707, 0.007517576217651367, 0.007532835006713867]
Max_index = [0, 230, 230, 104, 230, 230, 200, 200, 230, 63, 230, 230, 230, 230, 230, 200, 200, 230, 104, 83, 5, 63, 63, 63, 129, 129, 124, 12, 129, 169, 129, 129, 128, 128, 128, 128, 128, 128, 128, 128]
======================= atten time ========================
Mean_values_attn = [0.0011864248663187027, 0.0014139888808131218, 0.004451350308954716, 0.0014503998681902885, 0.00044210348278284073, 0.0004551885649561882, 0.002567453309893608, 0.0014487700536847115, 0.0004458809271454811, 0.00129681546241045, 0.00045081600546836853, 0.00043312087655067444, 0.00043981336057186127, 0.0004349490627646446, 0.0004302356392145157, 0.00043692998588085175, 0.0004426678642630577, 0.0004485221579670906, 0.00044770538806915283, 0.00045052822679281235, 0.0004470003768801689, 0.00044406577944755554, 0.0004518022760748863, 0.00045366305857896805, 0.003474658355116844, 0.00115986168384552, 0.0004471875727176666, 0.0026686768978834152, 0.0004352135583758354, 0.0004726974293589592, 0.0004500681534409523, 0.00045313406735658646, 0.00044322293251752853, 0.0004618801176548004, 0.000440121628344059, 0.00044519733637571335, 0.0004383400082588196, 0.00045223627239465714, 0.00044039729982614517, 0.00044576264917850494]
Max_values_attn = [0.18355464935302734, 0.2511107921600342, 0.39496946334838867, 0.25986647605895996, 0.0020186901092529297, 0.006789684295654297, 0.5328896045684814, 0.2566232681274414, 0.00255584716796875, 0.22150254249572754, 0.0025835037231445312, 0.001961231231689453, 0.0019931793212890625, 0.001959085464477539, 0.0013439655303955078, 0.0029783248901367188, 0.0021648406982421875, 0.0021135807037353516, 0.002329111099243164, 0.002452373504638672, 0.0025925636291503906, 0.003274202346801758, 0.0038552284240722656, 0.0030794143676757812, 0.43207883834838867, 0.18720555305480957, 0.0038595199584960938, 0.5720186233520508, 0.0014617443084716797, 0.00821828842163086, 0.003590822219848633, 0.005417585372924805, 0.0019800662994384766, 0.005147695541381836, 0.001950979232788086, 0.0019600391387939453, 0.0013837814331054688, 0.003782510757446289, 0.0018694400787353516, 0.002526521682739258]
Max_index_attn = [0, 230, 230, 104, 230, 230, 200, 200, 230, 63, 104, 230, 104, 230, 230, 200, 200, 230, 104, 83, 83, 63, 63, 63, 129, 129, 124, 12, 129, 169, 129, 129, 129, 210, 129, 129, 128, 175, 210, 210]
======================= ffn time ========================
Mean_values_ffn = [0.0002153804525732994, 0.00015656836330890656, 0.00015754066407680511, 0.00015710294246673584, 0.00015573576092720032, 0.00016175676137208939, 0.0001556091010570526, 0.00015676114708185196, 0.00015640072524547577, 0.00015651900321245193, 0.00015546847134828568, 0.00015559419989585876, 0.00015613064169883728, 0.00015660841017961502, 0.00015657581388950348, 0.0001568906009197235, 0.00015659071505069733, 0.00015728920698165894, 0.00015780143439769745, 0.0001565767452120781, 0.00015771854668855667, 0.0001565590500831604, 0.00015609152615070343, 0.00015669874846935272, 0.00015720725059509277, 0.00015646684914827347, 0.00016989093273878098, 0.00015662238001823425, 0.00015572551637887955, 0.00015641190111637115, 0.0001575583592057228, 0.000156317837536335, 0.00016182474792003632, 0.0001615658402442932, 0.0001604761928319931, 0.00017374102026224136, 0.00016141217201948166, 0.0001605059951543808, 0.0001613181084394455, 0.00016182195395231247]
Max_values_ffn = [0.007959127426147461, 0.0004782676696777344, 0.0005459785461425781, 0.0005021095275878906, 0.0004885196685791016, 0.0014405250549316406, 0.0004975795745849609, 0.0004987716674804688, 0.0004899501800537109, 0.00048089027404785156, 0.0005102157592773438, 0.0004913806915283203, 0.0004913806915283203, 0.0004875659942626953, 0.00044226646423339844, 0.0004405975341796875, 0.00041174888610839844, 0.0003857612609863281, 0.0003979206085205078, 0.00038313865661621094, 0.0005028247833251953, 0.0003960132598876953, 0.0003809928894042969, 0.0004024505615234375, 0.0003998279571533203, 0.00037097930908203125, 0.0035796165466308594, 0.0003867149353027344, 0.0003712177276611328, 0.0004425048828125, 0.0004906654357910156, 0.0005323886871337891, 0.0016264915466308594, 0.0016210079193115234, 0.0016219615936279297, 0.0031681060791015625, 0.0016765594482421875, 0.00165557861328125, 0.0016710758209228516, 0.0016970634460449219]
Max_index_ffn = [1, 0, 230, 230, 230, 60, 230, 230, 230, 230, 230, 230, 230, 230, 230, 230, 230, 230, 200, 200, 5, 200, 200, 128, 200, 129, 94, 128, 128, 0, 129, 129, 128, 128, 128, 243, 128, 128, 128, 128]
======================= norm time ========================
Mean_values_norm = [0.0003003692254424095, 0.00012822449207305908, 0.00012673251330852509, 0.0001279013231396675, 0.00012768898159265518, 0.00012769736349582672, 0.0001275148242712021, 0.0001262994483113289, 0.00012759771198034286, 0.0001273471862077713, 0.000127364881336689, 0.0001272270455956459, 0.0001271059736609459, 0.00012647360563278198, 0.00012758467346429825, 0.00012717116624116898, 0.00012711994349956512, 0.0001269802451133728, 0.0001272512599825859, 0.00012681446969509125, 0.00012732390314340591, 0.00012670829892158508, 0.00012674089521169662, 0.00012656208127737045, 0.00012651365250349045, 0.00012710411101579666, 0.00012678839266300201, 0.00012695509940385818, 0.0001266906037926674, 0.00012624915689229965, 0.0001272149384021759, 0.00012687034904956818, 0.00013148784637451172, 0.00013195164501667023, 0.00013152509927749634, 0.0001315595582127571, 0.00013171415776014328, 0.00013178028166294098, 0.0001321602612733841, 0.00013150088489055634]
Max_values_norm = [0.042595863342285156, 0.0003235340118408203, 0.0002818107604980469, 0.0004105567932128906, 0.00039505958557128906, 0.00039768218994140625, 0.00040030479431152344, 0.0003979206085205078, 0.00039768218994140625, 0.0003986358642578125, 0.0003948211669921875, 0.0003993511199951172, 0.00041866302490234375, 0.00039196014404296875, 0.00039458274841308594, 0.0003628730773925781, 0.0003769397735595703, 0.0003323554992675781, 0.00030994415283203125, 0.0003097057342529297, 0.0003323554992675781, 0.0003066062927246094, 0.00031375885009765625, 0.0003063678741455078, 0.0003116130828857422, 0.0003116130828857422, 0.00029540061950683594, 0.00029540061950683594, 0.0002865791320800781, 0.0002892017364501953, 0.0002880096435546875, 0.00039267539978027344, 0.0012416839599609375, 0.0014491081237792969, 0.0014603137969970703, 0.0014622211456298828, 0.0014865398406982422, 0.0014910697937011719, 0.001497507095336914, 0.0014927387237548828]
Max_index_norm = [0, 130, 130, 230, 230, 230, 230, 230, 230, 230, 230, 230, 230, 230, 230, 230, 230, 230, 200, 200, 5, 200, 200, 200, 200, 200, 129, 200, 129, 129, 129, 129, 128, 128, 128, 128, 128, 128, 128, 128]
