==============llama2-13b modu===================
======================= module time ========================
Mean_values = [0.003753291442990303, 0.0029047923162579536, 0.0022119442000985146, 0.0046680998057127, 0.0009017530828714371, 0.0008929120376706123, 0.0009036166593432426, 0.0009233169257640839, 0.0009245546534657478, 0.0009146817028522491, 0.0009159697219729424, 0.0009119100868701935, 0.0009051645174622536, 0.0008986238390207291, 0.0009066211059689522, 0.0009014904499053955, 0.0009051263332366943, 0.0029965266585350037, 0.0035906555131077766, 0.0009112544357776642, 0.0009147478267550468, 0.0009075561538338661, 0.0009088553488254547, 0.0009002471342682838, 0.0009137429296970367, 0.0008877748623490334, 0.0009003076702356339, 0.0017451019957661629, 0.0008964790031313896, 0.0009208517149090767, 0.0008920030668377876, 0.00089251808822155, 0.0008965916931629181, 0.0009099841117858887, 0.0009125061333179474, 0.0009178807958960533, 0.000912172719836235, 0.003479110077023506, 0.0026047127321362495, 0.0009225662797689438]
Max_values = [0.4660511016845703, 0.29325127601623535, 0.33620595932006836, 0.5160763263702393, 0.0028467178344726562, 0.002050638198852539, 0.0026946067810058594, 0.0069255828857421875, 0.005942344665527344, 0.0040280818939208984, 0.00557255744934082, 0.005067348480224609, 0.004012584686279297, 0.003894805908203125, 0.006437540054321289, 0.0037353038787841797, 0.0035505294799804688, 0.5362882614135742, 0.6881279945373535, 0.004772186279296875, 0.004233598709106445, 0.004000663757324219, 0.00714421272277832, 0.004007577896118164, 0.003567218780517578, 0.002780437469482422, 0.003757953643798828, 0.21688246726989746, 0.0027425289154052734, 0.006769895553588867, 0.002717256546020508, 0.0026187896728515625, 0.0024051666259765625, 0.0045392513275146484, 0.00656580924987793, 0.00522923469543457, 0.007292270660400391, 0.4027392864227295, 0.4332387447357178, 0.007409095764160156]
Max_index = [210, 251, 83, 124, 83, 173, 210, 210, 124, 210, 53, 22, 251, 210, 83, 83, 83, 12, 148, 148, 84, 148, 148, 148, 112, 148, 1, 12, 148, 230, 148, 154, 148, 128, 128, 128, 128, 177, 45, 128]
======================= atten time ========================
Mean_values_attn = [0.003048206679522991, 0.0024470314383506775, 0.001759781502187252, 0.0042152414098382, 0.00044571422040462494, 0.0004394538700580597, 0.00044915173202753067, 0.0004687570035457611, 0.00046588480472564697, 0.00045482907444238663, 0.00046143587678670883, 0.00044054724276065826, 0.0004507433623075485, 0.000444803386926651, 0.0004525464028120041, 0.00044464506208896637, 0.0004505598917603493, 0.002543891780078411, 0.0031301099807024, 0.000457150861620903, 0.0004571033641695976, 0.00044981855899095535, 0.0004548812285065651, 0.00044582225382328033, 0.00046011433005332947, 0.00043555721640586853, 0.00044908933341503143, 0.001284782774746418, 0.0004407055675983429, 0.00046598445624113083, 0.0004396336153149605, 0.00044094864279031754, 0.0004447968676686287, 0.0004458026960492134, 0.0004399474710226059, 0.0004498707130551338, 0.00044065341353416443, 0.0030065542086958885, 0.002130878157913685, 0.00044543202966451645]
Max_values_attn = [0.46519994735717773, 0.2927742004394531, 0.3357558250427246, 0.5153257846832275, 0.002118349075317383, 0.0012280941009521484, 0.0015892982482910156, 0.005474090576171875, 0.005362510681152344, 0.002543926239013672, 0.005124330520629883, 0.0019822120666503906, 0.003422975540161133, 0.00252532958984375, 0.005324840545654297, 0.0023298263549804688, 0.002298116683959961, 0.5356531143188477, 0.6871199607849121, 0.0036263465881347656, 0.0037734508514404297, 0.002637624740600586, 0.005623817443847656, 0.0025174617767333984, 0.0031135082244873047, 0.0013494491577148438, 0.0032830238342285156, 0.21622157096862793, 0.0014617443084716797, 0.0063114166259765625, 0.0013370513916015625, 0.0012443065643310547, 0.00154876708984375, 0.0016469955444335938, 0.0011279582977294922, 0.002640962600708008, 0.0013763904571533203, 0.40206480026245117, 0.432697057723999, 0.0016465187072753906]
Max_index_attn = [210, 251, 83, 124, 83, 173, 210, 210, 124, 210, 53, 210, 251, 210, 83, 83, 83, 12, 148, 148, 84, 148, 148, 148, 112, 148, 1, 12, 230, 230, 148, 210, 63, 148, 83, 107, 128, 177, 45, 148]
======================= ffn time ========================
Mean_values_ffn = [0.00021643564105033875, 0.0001605357974767685, 0.0001571374014019966, 0.00015823263674974442, 0.00015840400010347366, 0.00015752390027046204, 0.00015865080058574677, 0.00015795044600963593, 0.00016047898679971695, 0.00016016513109207153, 0.00015797559171915054, 0.0001587485894560814, 0.0001579541712999344, 0.000158652663230896, 0.00015934742987155914, 0.00016001518815755844, 0.00015868712216615677, 0.00015840865671634674, 0.00016607996076345444, 0.00015882868319749832, 0.00015990249812602997, 0.00016038492321968079, 0.0001584840938448906, 0.00015938282012939453, 0.0001583760604262352, 0.00015799887478351593, 0.00015774276107549667, 0.00016277562826871872, 0.0001584719866514206, 0.0001592673361301422, 0.0001580994576215744, 0.00015813112258911133, 0.00015832483768463135, 0.00017140060663223267, 0.00017138849943876266, 0.00016356538981199265, 0.0001634359359741211, 0.0001633400097489357, 0.0001640552654862404, 0.00016643665730953217]
Max_values_ffn = [0.007631063461303711, 0.0005581378936767578, 0.00031876564025878906, 0.00031065940856933594, 0.0005233287811279297, 0.0003361701965332031, 0.00042438507080078125, 0.0005478858947753906, 0.0005316734313964844, 0.0005309581756591797, 0.0004940032958984375, 0.0005002021789550781, 0.0005042552947998047, 0.0005273818969726562, 0.0005021095275878906, 0.0005252361297607422, 0.0004913806915283203, 0.0005147457122802734, 0.002307415008544922, 0.0005114078521728516, 0.00047135353088378906, 0.0005049705505371094, 0.0005197525024414062, 0.0005085468292236328, 0.0005247592926025391, 0.0005002021789550781, 0.0005025863647460938, 0.0012440681457519531, 0.0005092620849609375, 0.0005097389221191406, 0.000492095947265625, 0.0005109310150146484, 0.0005483627319335938, 0.003660917282104492, 0.003841876983642578, 0.0017483234405517578, 0.0017096996307373047, 0.0017347335815429688, 0.0017313957214355469, 0.0018012523651123047]
Max_index_ffn = [1, 0, 0, 0, 173, 0, 210, 210, 210, 210, 210, 210, 210, 128, 128, 83, 128, 128, 128, 128, 128, 148, 148, 148, 148, 128, 128, 128, 128, 128, 128, 154, 128, 128, 128, 128, 128, 128, 128, 128]
======================= norm time ========================
Mean_values_norm = [0.0003160480409860611, 0.0001300247386097908, 0.0001291465014219284, 0.0001283586025238037, 0.00012889038771390915, 0.00012957118451595306, 0.00012946967035531998, 0.00012942031025886536, 0.00012975092977285385, 0.00013202056288719177, 0.00012987107038497925, 0.00014605000615119934, 0.00012938864529132843, 0.00012924522161483765, 0.00012902077287435532, 0.00012983940541744232, 0.00012950226664543152, 0.00012853927910327911, 0.00012848153710365295, 0.00012909993529319763, 0.0001290198415517807, 0.00012923311442136765, 0.0001297546550631523, 0.00012878794223070145, 0.00012966804206371307, 0.00012885220348834991, 0.00012883543968200684, 0.00012863799929618835, 0.0001283399760723114, 0.0001298990100622177, 0.00012911856174468994, 0.00012740492820739746, 0.00012803543359041214, 0.00012813787907361984, 0.00012833904474973679, 0.000128808431327343, 0.00013269297778606415, 0.0001328587532043457, 0.0001332918182015419, 0.00013313814997673035]
Max_values_norm = [0.046309709548950195, 0.00023603439331054688, 0.0002460479736328125, 0.00023984909057617188, 0.00023889541625976562, 0.00041174888610839844, 0.00023508071899414062, 0.0003445148468017578, 0.0004165172576904297, 0.0007166862487792969, 0.0004131793975830078, 0.004303693771362305, 0.00040650367736816406, 0.0004076957702636719, 0.0003757476806640625, 0.0003466606140136719, 0.00042319297790527344, 0.0003216266632080078, 0.0003216266632080078, 0.0003895759582519531, 0.0003237724304199219, 0.00036978721618652344, 0.0004146099090576172, 0.0004184246063232422, 0.0004317760467529297, 0.00041103363037109375, 0.0004038810729980469, 0.0004048347473144531, 0.0004100799560546875, 0.00040435791015625, 0.0004036426544189453, 0.00036835670471191406, 0.00036907196044921875, 0.00033974647521972656, 0.0003197193145751953, 0.0003154277801513672, 0.0013377666473388672, 0.001378774642944336, 0.0013506412506103516, 0.0013554096221923828]
Max_index_norm = [0, 149, 210, 210, 210, 173, 210, 210, 210, 200, 210, 22, 210, 210, 210, 210, 83, 210, 83, 83, 148, 83, 148, 148, 183, 148, 148, 148, 148, 148, 148, 148, 148, 148, 148, 148, 128, 128, 128, 128]
