==============llama2-13b modu===================
======================= module time ========================
Mean_values = [0.004213347099721432, 0.0008891383185982704, 0.004837612621486187, 0.0008675185963511467, 0.0008752979338169098, 0.0008637905120849609, 0.0008768076077103615, 0.0008693933486938477, 0.000865214504301548, 0.0008629271760582924, 0.0008560856804251671, 0.0008530383929610252, 0.0008559189736843109, 0.0008604852482676506, 0.0008534183725714684, 0.0008500972762703896, 0.0027565304189920425, 0.0014954600483179092, 0.001622883602976799, 0.0008809920400381088, 0.0009059803560376167, 0.0008720429614186287, 0.0008667474612593651, 0.002907908521592617, 0.0045978957787156105, 0.0015251385048031807, 0.0008731195703148842, 0.0008719991892576218, 0.0009022559970617294, 0.0008862484246492386, 0.0008813878521323204, 0.0008722776547074318, 0.0008967164903879166, 0.0009110374376177788, 0.0009051868692040443, 0.000896204262971878, 0.0008933823555707932, 0.0009006448090076447, 0.0008893311023712158, 0.0008968329057097435]
Max_values = [0.8358404636383057, 0.0044252872467041016, 0.4367563724517822, 0.0024650096893310547, 0.0036497116088867188, 0.002399921417236328, 0.0036911964416503906, 0.002576112747192383, 0.002257108688354492, 0.002106189727783203, 0.002109527587890625, 0.0019538402557373047, 0.001971006393432617, 0.0021326541900634766, 0.001733541488647461, 0.0016720294952392578, 0.48766446113586426, 0.16402959823608398, 0.19550728797912598, 0.004627704620361328, 0.008513212203979492, 0.0036346912384033203, 0.0031757354736328125, 0.5253691673278809, 0.48810434341430664, 0.17162156105041504, 0.0033674240112304688, 0.0031576156616210938, 0.0071752071380615234, 0.007589817047119141, 0.004729032516479492, 0.0033960342407226562, 0.007124662399291992, 0.007155418395996094, 0.00722050666809082, 0.007381439208984375, 0.007431983947753906, 0.0074231624603271484, 0.007420778274536133, 0.007442474365234375]
Max_index = [0, 240, 155, 130, 69, 130, 169, 124, 130, 130, 130, 130, 130, 210, 130, 130, 189, 189, 22, 9, 104, 104, 110, 22, 54, 129, 129, 129, 129, 129, 208, 129, 128, 128, 128, 128, 128, 128, 128, 128]
======================= atten time ========================
Mean_values_attn = [0.001328098587691784, 0.00044352468103170395, 0.0043950630351901054, 0.0004279976710677147, 0.0004329197108745575, 0.00042409636080265045, 0.00043793581426143646, 0.0004269694909453392, 0.0004251748323440552, 0.00042468588799238205, 0.00041963718831539154, 0.0004166550934314728, 0.0004184562712907791, 0.0004227440804243088, 0.00041562970727682114, 0.0004140762612223625, 0.0023195818066596985, 0.0010576611384749413, 0.0011853203177452087, 0.0004299432039260864, 0.0004667052999138832, 0.0004343101754784584, 0.00042987149208784103, 0.0024685142561793327, 0.004156420007348061, 0.0010827640071511269, 0.0004293769598007202, 0.0004286915063858032, 0.0004573594778776169, 0.00044448859989643097, 0.0004249792546033859, 0.000428738072514534, 0.0004326673224568367, 0.0004479456692934036, 0.0004430878907442093, 0.00043270643800497055, 0.00042900070548057556, 0.0004378911107778549, 0.00042738020420074463, 0.0004302067682147026]
Max_values_attn = [0.22229981422424316, 0.003933906555175781, 0.436204195022583, 0.0019321441650390625, 0.003204822540283203, 0.0019257068634033203, 0.0032618045806884766, 0.0011105537414550781, 0.001088857650756836, 0.0010297298431396484, 0.0010099411010742188, 0.0009558200836181641, 0.0009472370147705078, 0.0016903877258300781, 0.0008487701416015625, 0.0008127689361572266, 0.4870762825012207, 0.16329216957092285, 0.19502782821655273, 0.0016143321990966797, 0.007855892181396484, 0.0029485225677490234, 0.0027589797973632812, 0.5245988368988037, 0.48754024505615234, 0.17044711112976074, 0.002041339874267578, 0.0018274784088134766, 0.005746126174926758, 0.006115436553955078, 0.002007722854614258, 0.0019736289978027344, 0.001988649368286133, 0.003943443298339844, 0.003774404525756836, 0.0019505023956298828, 0.0013675689697265625, 0.0021779537200927734, 0.0013704299926757812, 0.001371145248413086]
Max_index_attn = [0, 240, 155, 104, 69, 189, 169, 130, 130, 130, 130, 130, 130, 210, 130, 210, 189, 189, 22, 104, 104, 104, 110, 22, 54, 129, 129, 129, 129, 129, 129, 129, 129, 129, 169, 129, 128, 95, 128, 128]
======================= ffn time ========================
Mean_values_ffn = [0.00021103490144014359, 0.0001558614894747734, 0.00015429873019456863, 0.00015349313616752625, 0.00015343166887760162, 0.0001535210758447647, 0.00015323329716920853, 0.00015234202146530151, 0.00015350151807069778, 0.00015280954539775848, 0.00015207752585411072, 0.00015250872820615768, 0.0001522451639175415, 0.00015345029532909393, 0.00015300791710615158, 0.00015315786004066467, 0.00015239138156175613, 0.00015304610133171082, 0.000153370201587677, 0.00015247054398059845, 0.00015329383313655853, 0.00015311595052480698, 0.0001528831198811531, 0.00015411712229251862, 0.00015530548989772797, 0.00015458092093467712, 0.0001555606722831726, 0.00015515834093093872, 0.00015490688383579254, 0.000154910609126091, 0.00015512574464082718, 0.00015740375965833664, 0.00015999097377061844, 0.0001600431278347969, 0.0001590978354215622, 0.00016016792505979538, 0.00015983078628778458, 0.0001594526693224907, 0.00015891902148723602, 0.00016497354954481125]
Max_values_ffn = [0.007632732391357422, 0.0005333423614501953, 0.00043702125549316406, 0.000457763671875, 0.00044035911560058594, 0.0004017353057861328, 0.000400543212890625, 0.00040078163146972656, 0.00042629241943359375, 0.00037288665771484375, 0.00039124488830566406, 0.0003452301025390625, 0.000370025634765625, 0.0003848075866699219, 0.0003943443298339844, 0.00038814544677734375, 0.0003693103790283203, 0.00037598609924316406, 0.0003917217254638672, 0.00037741661071777344, 0.0003871917724609375, 0.00038743019104003906, 0.0003902912139892578, 0.00038361549377441406, 0.00038123130798339844, 0.00048613548278808594, 0.00046181678771972656, 0.0004780292510986328, 0.0005130767822265625, 0.0005121231079101562, 0.0004944801330566406, 0.0011522769927978516, 0.0015900135040283203, 0.001598358154296875, 0.0016553401947021484, 0.0016438961029052734, 0.0016567707061767578, 0.0016632080078125, 0.001659393310546875, 0.0018260478973388672]
Max_index_ffn = [1, 0, 130, 130, 130, 130, 130, 130, 130, 130, 130, 130, 130, 128, 128, 128, 128, 128, 128, 128, 128, 128, 128, 128, 128, 129, 129, 129, 129, 129, 129, 128, 128, 128, 128, 128, 128, 128, 128, 0]
======================= norm time ========================
Mean_values_norm = [0.0025046085938811302, 0.0001276601105928421, 0.00012606289237737656, 0.0001251446083188057, 0.00012535229325294495, 0.0001251930370926857, 0.0001255776733160019, 0.0001296214759349823, 0.00012492015957832336, 0.00012518279254436493, 0.00012484006583690643, 0.00012435484677553177, 0.00012443400919437408, 0.00012434925884008408, 0.00012508034706115723, 0.00012407638132572174, 0.0001240679994225502, 0.00012431200593709946, 0.00012460723519325256, 0.00012408383190631866, 0.00012455973774194717, 0.00012481026351451874, 0.00012435857206583023, 0.00012430455535650253, 0.00012495927512645721, 0.00012500863522291183, 0.00012643635272979736, 0.00012602098286151886, 0.00012573972344398499, 0.00012564845383167267, 0.00012551434338092804, 0.00012509524822235107, 0.00013104267418384552, 0.00013081170618534088, 0.00013074930757284164, 0.00013079307973384857, 0.0001310054212808609, 0.00013100355863571167, 0.00013125035911798477, 0.00013025663793087006]
Max_values_norm = [0.6075050830841064, 0.0003368854522705078, 0.0003323554992675781, 0.00035500526428222656, 0.00036263465881347656, 0.0003578662872314453, 0.0003323554992675781, 0.0012726783752441406, 0.00032806396484375, 0.0003077983856201172, 0.00030684471130371094, 0.0002853870391845703, 0.00028634071350097656, 0.00027751922607421875, 0.0002541542053222656, 0.0002753734588623047, 0.00023984909057617188, 0.00023984909057617188, 0.0002288818359375, 0.00022864341735839844, 0.00024247169494628906, 0.0002143383026123047, 0.00021767616271972656, 0.00022268295288085938, 0.000209808349609375, 0.00021457672119140625, 0.0003750324249267578, 0.0003714561462402344, 0.0003688335418701172, 0.00041174888610839844, 0.0004069805145263672, 0.00040149688720703125, 0.00140380859375, 0.0014200210571289062, 0.0014102458953857422, 0.0014476776123046875, 0.0014851093292236328, 0.0014700889587402344, 0.0014717578887939453, 0.0014824867248535156]
Max_index_norm = [0, 130, 130, 130, 130, 130, 130, 124, 130, 130, 130, 130, 130, 130, 130, 130, 130, 130, 130, 130, 130, 130, 189, 130, 22, 189, 129, 129, 129, 129, 129, 129, 128, 128, 128, 128, 128, 128, 128, 128]
