==============llama2-13b modu===================
======================= module time ========================
Mean_values = [0.0022611934691667557, 0.0013937130570411682, 0.002774503082036972, 0.0024639135226607323, 0.0008944831788539886, 0.0009359326213598251, 0.0009325472638010979, 0.0009251758456230164, 0.0009404392912983894, 0.000923769548535347, 0.0009047947824001312, 0.0008983779698610306, 0.0009314203634858131, 0.0009016422554850578, 0.0008973553776741028, 0.0008915979415178299, 0.0009028492495417595, 0.0027399128302931786, 0.0023886309936642647, 0.0017982115969061852, 0.0009217951446771622, 0.0009025353938341141, 0.0008953465148806572, 0.000901111401617527, 0.0025224601849913597, 0.0009064730256795883, 0.0009042974561452866, 0.00163204874843359, 0.0008953595533967018, 0.0009039537981152534, 0.0009006522595882416, 0.0009010229259729385, 0.0009017502889037132, 0.0008877785876393318, 0.0008886493742465973, 0.0008864616975188255, 0.0009143194183707237, 0.0009034387767314911, 0.0025585824623703957, 0.003501312807202339]
Max_values = [0.32781314849853516, 0.09758853912353516, 0.47754526138305664, 0.2885007858276367, 0.002446889877319336, 0.011284589767456055, 0.013257265090942383, 0.004668474197387695, 0.0101776123046875, 0.007460117340087891, 0.004609346389770508, 0.003825664520263672, 0.011439085006713867, 0.003796100616455078, 0.0036363601684570312, 0.0029840469360351562, 0.0032355785369873047, 0.4717741012573242, 0.38405418395996094, 0.2310328483581543, 0.005013942718505859, 0.0031452178955078125, 0.0025267601013183594, 0.003977775573730469, 0.41204237937927246, 0.005602359771728516, 0.003845691680908203, 0.18742036819458008, 0.0034761428833007812, 0.0048253536224365234, 0.0039408206939697266, 0.004163265228271484, 0.003918886184692383, 0.0022683143615722656, 0.0029997825622558594, 0.002056121826171875, 0.004353046417236328, 0.0074176788330078125, 0.42490267753601074, 0.35398292541503906]
Max_index = [0, 230, 83, 83, 83, 230, 230, 230, 83, 127, 124, 83, 124, 83, 83, 83, 83, 12, 148, 148, 104, 0, 148, 148, 112, 104, 149, 12, 128, 101, 76, 104, 29, 148, 148, 148, 104, 128, 45, 218]
======================= atten time ========================
Mean_values_attn = [0.0014803921803832054, 0.0009370502084493637, 0.002319405786693096, 0.001999996602535248, 0.0004396652802824974, 0.00047863367944955826, 0.00047993380576372147, 0.0004580821841955185, 0.0004784306511282921, 0.00044600851833820343, 0.00045203324407339096, 0.00044441036880016327, 0.0004770010709762573, 0.00044474750757217407, 0.0004395628347992897, 0.00043356698006391525, 0.00044719595462083817, 0.002287105657160282, 0.0019354438409209251, 0.001345704309642315, 0.00046187546104192734, 0.0004372810944914818, 0.00044002290815114975, 0.0004435516893863678, 0.0020660962909460068, 0.0004551718011498451, 0.00044558849185705185, 0.0011625643819570541, 0.00043483916670084, 0.0004366636276245117, 0.0004360675811767578, 0.00044940225780010223, 0.0004486553370952606, 0.00043616071343421936, 0.00043859705328941345, 0.00043622683733701706, 0.0004539117217063904, 0.000435863621532917, 0.0020899027585983276, 0.003032725304365158]
Max_values_attn = [0.25827836990356445, 0.09708046913146973, 0.47681260108947754, 0.28768134117126465, 0.0017709732055664062, 0.010303974151611328, 0.011986732482910156, 0.0033316612243652344, 0.008822441101074219, 0.002441883087158203, 0.004022121429443359, 0.002368450164794922, 0.010773181915283203, 0.0024869441986083984, 0.0022733211517333984, 0.0017282962799072266, 0.002004384994506836, 0.4711923599243164, 0.38347530364990234, 0.23035717010498047, 0.004544496536254883, 0.001451253890991211, 0.001573801040649414, 0.002670764923095703, 0.41147756576538086, 0.005123138427734375, 0.002068758010864258, 0.18663239479064941, 0.0013916492462158203, 0.0012662410736083984, 0.001300811767578125, 0.0036995410919189453, 0.0034694671630859375, 0.0010983943939208984, 0.0019268989562988281, 0.0010068416595458984, 0.0038869380950927734, 0.0014026165008544922, 0.4243741035461426, 0.35347414016723633]
Max_index_attn = [0, 230, 83, 83, 83, 230, 230, 230, 83, 83, 124, 83, 124, 124, 83, 83, 83, 12, 148, 148, 104, 148, 148, 148, 112, 104, 148, 12, 148, 83, 148, 104, 29, 148, 148, 148, 104, 128, 45, 218]
======================= ffn time ========================
Mean_values_ffn = [0.00022036582231521606, 0.00015873555094003677, 0.00015856605023145676, 0.00016440264880657196, 0.00015674997121095657, 0.00016169250011444092, 0.0001575881615281105, 0.00016013439744710922, 0.00016120914369821548, 0.0001576244831085205, 0.00015689246356487274, 0.00015789270401000977, 0.00015783961862325668, 0.00015988852828741074, 0.00015917513519525528, 0.0001605609431862831, 0.00015786662697792053, 0.00015824474394321442, 0.00015849247574806213, 0.00015765801072120667, 0.0001636464148759842, 0.00017037894576787949, 0.00016089528799057007, 0.0001621786504983902, 0.00015901029109954834, 0.00015700794756412506, 0.000161709263920784, 0.00017628632485866547, 0.00016532838344573975, 0.00015785638242959976, 0.00016999710351228714, 0.00015744194388389587, 0.0001581357792019844, 0.00015872810035943985, 0.00015731807798147202, 0.00015781354159116745, 0.00016202125698328018, 0.0001606084406375885, 0.0001621423289179802, 0.00016196910291910172]
Max_values_ffn = [0.007874011993408203, 0.0004813671112060547, 0.0003733634948730469, 0.001153707504272461, 0.00029015541076660156, 0.0014443397521972656, 0.00047326087951660156, 0.0006957054138183594, 0.0009837150573730469, 0.000507354736328125, 0.0005068778991699219, 0.0005047321319580078, 0.0005042552947998047, 0.0006725788116455078, 0.0005838871002197266, 0.0005843639373779297, 0.0005793571472167969, 0.000583648681640625, 0.0005967617034912109, 0.0005829334259033203, 0.0015277862548828125, 0.0024361610412597656, 0.0013432502746582031, 0.0007915496826171875, 0.0006041526794433594, 0.0005095005035400391, 0.0009799003601074219, 0.00529932975769043, 0.002572298049926758, 0.0005331039428710938, 0.003226041793823242, 0.0005271434783935547, 0.0005278587341308594, 0.0005304813385009766, 0.00052642822265625, 0.0005283355712890625, 0.0017685890197753906, 0.0017361640930175781, 0.0017197132110595703, 0.0016875267028808594]
Max_index_ffn = [1, 0, 138, 138, 230, 161, 230, 155, 127, 83, 83, 83, 83, 120, 128, 128, 128, 128, 128, 128, 0, 0, 128, 0, 128, 148, 149, 128, 128, 128, 76, 128, 128, 128, 128, 128, 128, 128, 128, 128]
======================= norm time ========================
Mean_values_norm = [0.00038489047437906265, 0.00013014860451221466, 0.00012885965406894684, 0.00012944918125867844, 0.0001291586086153984, 0.0001282971352338791, 0.00012870598584413528, 0.0001281173899769783, 0.00013074837625026703, 0.00015352945774793625, 0.0001286352053284645, 0.00012911390513181686, 0.0001289183273911476, 0.00012890156358480453, 0.00013039354234933853, 0.00012884382158517838, 0.0001307046040892601, 0.00012794043868780136, 0.00012825801968574524, 0.00012834370136260986, 0.00012793578207492828, 0.0001282729208469391, 0.00012808479368686676, 0.00012841541320085526, 0.0001294407993555069, 0.00012836046516895294, 0.0001283697783946991, 0.0001276908442378044, 0.0001277318224310875, 0.00012793485075235367, 0.00012836139649152756, 0.00012823846191167831, 0.00012795254588127136, 0.00012749340385198593, 0.00012747105211019516, 0.00012732204049825668, 0.0001279842108488083, 0.0001315595582127571, 0.00013180449604988098, 0.0001312093809247017]
Max_values_norm = [0.06359696388244629, 0.00024008750915527344, 0.0002598762512207031, 0.00028777122497558594, 0.0002410411834716797, 0.0002372264862060547, 0.00028514862060546875, 0.000377655029296875, 0.0006861686706542969, 0.00655817985534668, 0.00043129920959472656, 0.0004112720489501953, 0.00040912628173828125, 0.00040650367736816406, 0.0006172657012939453, 0.00037550926208496094, 0.0007693767547607422, 0.0003211498260498047, 0.0003180503845214844, 0.0002951622009277344, 0.00030112266540527344, 0.0002789497375488281, 0.0002655982971191406, 0.00032401084899902344, 0.0003814697265625, 0.00043487548828125, 0.00045490264892578125, 0.0004127025604248047, 0.0004508495330810547, 0.0003819465637207031, 0.00038504600524902344, 0.000370025634765625, 0.00034046173095703125, 0.00031828880310058594, 0.00030112266540527344, 0.0003409385681152344, 0.0003190040588378906, 0.0013654232025146484, 0.0013988018035888672, 0.0014171600341796875]
Max_index_norm = [0, 114, 14, 132, 230, 230, 230, 230, 155, 127, 83, 83, 83, 83, 120, 83, 144, 83, 83, 83, 83, 83, 83, 148, 148, 148, 148, 148, 148, 148, 148, 148, 148, 148, 148, 148, 148, 128, 128, 128]
