==============llama2-13b modu===================
======================= module time ========================
Mean_values = [0.0018276553601026535, 0.0030279960483312607, 0.0029567070305347443, 0.002870333380997181, 0.0008474616333842278, 0.0008280277252197266, 0.0008405959233641624, 0.0008530206978321075, 0.0008604777976870537, 0.0008523818105459213, 0.000850331038236618, 0.0008746776729822159, 0.0008432529866695404, 0.0008698040619492531, 0.000833083875477314, 0.0008311085402965546, 0.0008418187499046326, 0.0008425144478678703, 0.004011765122413635, 0.0008609006181359291, 0.0022115930914878845, 0.0008348701521754265, 0.0008312901481986046, 0.00083173718303442, 0.0008396729826927185, 0.000826079398393631, 0.0015650345012545586, 0.0008640652522444725, 0.0008292943239212036, 0.0008316189050674438, 0.000825999304652214, 0.0008313432335853577, 0.0008648885414004326, 0.0008631488308310509, 0.0008521052077412605, 0.0008890973404049873, 0.0008277101442217827, 0.0008543562144041061, 0.002378406934440136, 0.0008569285273551941]
Max_values = [0.23324012756347656, 0.38951873779296875, 0.402179479598999, 0.3301529884338379, 0.0040018558502197266, 0.0023834705352783203, 0.003206014633178711, 0.007212162017822266, 0.008461952209472656, 0.006936788558959961, 0.004664182662963867, 0.005642414093017578, 0.003411531448364258, 0.0049784183502197266, 0.0030448436737060547, 0.0025784969329833984, 0.0028433799743652344, 0.003153562545776367, 0.8088221549987793, 0.004343748092651367, 0.3524129390716553, 0.00206756591796875, 0.0019979476928710938, 0.002146005630493164, 0.0027005672454833984, 0.002032756805419922, 0.187117338180542, 0.004837512969970703, 0.0018167495727539062, 0.002060413360595703, 0.0017752647399902344, 0.002071857452392578, 0.006980180740356445, 0.007118940353393555, 0.00742793083190918, 0.015643596649169922, 0.001852273941040039, 0.005553483963012695, 0.38691234588623047, 0.007428407669067383]
Max_index = [0, 189, 83, 124, 29, 189, 189, 189, 189, 83, 83, 63, 83, 194, 83, 83, 189, 189, 148, 230, 1, 83, 83, 83, 102, 83, 1, 213, 230, 124, 230, 128, 128, 128, 128, 128, 124, 128, 45, 128]
======================= atten time ========================
Mean_values_attn = [0.0011565843597054482, 0.002588486298918724, 0.0025323815643787384, 0.0024482114240527153, 0.00042492616921663284, 0.00040650181472301483, 0.0004206886515021324, 0.00043282564729452133, 0.0004354240372776985, 0.000428137369453907, 0.0004252316430211067, 0.00044787488877773285, 0.0004177028313279152, 0.0004439912736415863, 0.00040880870074033737, 0.000406535342335701, 0.0004183519631624222, 0.0004195515066385269, 0.0035879304632544518, 0.0004383223131299019, 0.0017856033518910408, 0.0004111016169190407, 0.0004103276878595352, 0.00040923431515693665, 0.0004183361306786537, 0.00040637701749801636, 0.0011439686641097069, 0.0004293164238333702, 0.000407148152589798, 0.0004107309505343437, 0.00040607526898384094, 0.00040886644273996353, 0.0004242612048983574, 0.0004216982051730156, 0.00041182059794664383, 0.0004160962998867035, 0.00040758494287729263, 0.000421072356402874, 0.0019324831664562225, 0.00041343923658132553]
Max_values_attn = [0.18163537979125977, 0.3889622688293457, 0.4008960723876953, 0.3296988010406494, 0.003579854965209961, 0.0015273094177246094, 0.0021729469299316406, 0.005862236022949219, 0.007010936737060547, 0.005681514739990234, 0.0032265186309814453, 0.005176067352294922, 0.00244140625, 0.004557371139526367, 0.0019199848175048828, 0.0014562606811523438, 0.001714468002319336, 0.0020287036895751953, 0.8082592487335205, 0.0036957263946533203, 0.3519585132598877, 0.0011866092681884766, 0.0011456012725830078, 0.0013272762298583984, 0.002231597900390625, 0.0012722015380859375, 0.1864616870880127, 0.004398822784423828, 0.0011987686157226562, 0.001322031021118164, 0.0011606216430664062, 0.0012669563293457031, 0.0031299591064453125, 0.002614259719848633, 0.0013899803161621094, 0.001961231231689453, 0.0012049674987792969, 0.003236055374145508, 0.38637614250183105, 0.0013709068298339844]
Max_index_attn = [0, 189, 83, 124, 29, 189, 189, 189, 189, 83, 83, 63, 124, 194, 83, 83, 83, 189, 148, 230, 1, 83, 83, 83, 102, 83, 1, 213, 230, 124, 230, 124, 129, 148, 128, 83, 124, 177, 45, 128]
======================= ffn time ========================
Mean_values_ffn = [0.00020376406610012054, 0.00016264710575342178, 0.00014827586710453033, 0.00014688074588775635, 0.00014597643166780472, 0.00014671869575977325, 0.0001462334766983986, 0.00014648213982582092, 0.00014833174645900726, 0.00014777667820453644, 0.00014795642346143723, 0.00014828331768512726, 0.00014793593436479568, 0.00014848541468381882, 0.00014820881187915802, 0.0001490432769060135, 0.0001475643366575241, 0.00014774873852729797, 0.00014861393719911575, 0.0001477738842368126, 0.00014836620539426804, 0.00014761462807655334, 0.00014685094356536865, 0.0001477440819144249, 0.00014785118401050568, 0.00014633871614933014, 0.0001469561830163002, 0.0001490376889705658, 0.0001466255635023117, 0.00014747586101293564, 0.00014704838395118713, 0.00015000905841588974, 0.00015200115740299225, 0.00015297159552574158, 0.00015114154666662216, 0.00018420908600091934, 0.00014689750969409943, 0.00015049241483211517, 0.00015685614198446274, 0.0001540621742606163]
Max_values_ffn = [0.0076274871826171875, 0.003961324691772461, 0.0005459785461425781, 0.0003082752227783203, 0.00028967857360839844, 0.00029754638671875, 0.00038361549377441406, 0.0004999637603759766, 0.0005030632019042969, 0.0005023479461669922, 0.0005097389221191406, 0.0005207061767578125, 0.0004730224609375, 0.0004756450653076172, 0.0004291534423828125, 0.0004527568817138672, 0.0004036426544189453, 0.0003898143768310547, 0.0004115104675292969, 0.0003933906555175781, 0.0003833770751953125, 0.0003819465637207031, 0.0003833770751953125, 0.00038886070251464844, 0.0003838539123535156, 0.0003993511199951172, 0.000385284423828125, 0.0006730556488037109, 0.00036334991455078125, 0.000377655029296875, 0.0003867149353027344, 0.0014052391052246094, 0.0015654563903808594, 0.0016586780548095703, 0.0016636848449707031, 0.009885549545288086, 0.00042819976806640625, 0.0016720294952392578, 0.001659393310546875, 0.0016567707061767578]
Max_index_ffn = [1, 254, 83, 0, 189, 189, 189, 189, 189, 189, 83, 83, 189, 189, 189, 189, 189, 128, 128, 128, 128, 128, 128, 128, 128, 128, 128, 0, 128, 0, 128, 128, 128, 128, 128, 128, 128, 128, 128, 128]
======================= norm time ========================
Mean_values_norm = [0.0003054887056350708, 0.00012087635695934296, 0.00011955760419368744, 0.00012029986828565598, 0.00011915154755115509, 0.00011980067938566208, 0.0001193871721625328, 0.00011869613081216812, 0.00011984817683696747, 0.00012039393186569214, 0.00012077298015356064, 0.0001210412010550499, 0.00012066122144460678, 0.00012065563350915909, 0.00012067984789609909, 0.00012027006596326828, 0.00011977739632129669, 0.00011999346315860748, 0.00011983327567577362, 0.00011952035129070282, 0.0001204879954457283, 0.00012037158012390137, 0.0001193927600979805, 0.00011982955038547516, 0.00011897832155227661, 0.00011953897774219513, 0.00011987239122390747, 0.0001188451424241066, 0.00011940393596887589, 0.00011922977864742279, 0.00011921115219593048, 0.00011886004358530045, 0.00012375880032777786, 0.00012358557432889938, 0.0001244945451617241, 0.00012417323887348175, 0.00011893082410097122, 0.0001182258129119873, 0.00012415554374456406, 0.00012458954006433487]
Max_values_norm = [0.04569673538208008, 0.00019669532775878906, 0.0002048015594482422, 0.00041031837463378906, 0.00019121170043945312, 0.0002415180206298828, 0.0002410411834716797, 0.00030803680419921875, 0.0003993511199951172, 0.0004024505615234375, 0.0003979206085205078, 0.0003979206085205078, 0.00039267539978027344, 0.0003886222839355469, 0.0003917217254638672, 0.00035500526428222656, 0.0003437995910644531, 0.0003333091735839844, 0.0003094673156738281, 0.0002887248992919922, 0.00027251243591308594, 0.00026798248291015625, 0.00025010108947753906, 0.00025582313537597656, 0.00024080276489257812, 0.00022792816162109375, 0.0002238750457763672, 0.0002262592315673828, 0.00021195411682128906, 0.0002357959747314453, 0.00020599365234375, 0.00021386146545410156, 0.0013706684112548828, 0.0013701915740966797, 0.00147247314453125, 0.0014650821685791016, 0.00018262863159179688, 0.0001895427703857422, 0.0014603137969970703, 0.0014719963073730469]
Max_index_norm = [0, 0, 84, 83, 84, 189, 189, 189, 189, 189, 83, 83, 189, 189, 189, 189, 189, 189, 189, 189, 189, 189, 189, 83, 189, 83, 189, 83, 189, 189, 124, 124, 128, 128, 128, 128, 1, 83, 128, 128]
