==============llama2-13b modu===================
======================= module time ========================
Mean_values = [0.005235334858298302, 0.003782709129154682, 0.00308303814381361, 0.0010157926008105278, 0.001008370891213417, 0.0010127536952495575, 0.004294953308999538, 0.0010183528065681458, 0.0010419385507702827, 0.002688242122530937, 0.0010269973427057266, 0.0010153092443943024, 0.0010202433913946152, 0.00100772175937891, 0.0010031303390860558, 0.0010094167664647102, 0.0010240329429507256, 0.002323390915989876, 0.003729819320142269, 0.0010199109092354774, 0.001013452187180519, 0.0010215211659669876, 0.0010188538581132889, 0.0010365862399339676, 0.0018336549401283264, 0.0010077236220240593, 0.001019677147269249, 0.0026296526193618774, 0.0010708710178732872, 0.0010247975587844849, 0.0010233232751488686, 0.00102938711643219, 0.001040743663907051, 0.0010271631181240082, 0.0010397620499134064, 0.001018662005662918, 0.001027856022119522, 0.0010158726945519447, 0.002413579262793064, 0.0010441821068525314]
Max_values = [0.5282366275787354, 0.5067579746246338, 0.2696571350097656, 0.0026085376739501953, 0.001958131790161133, 0.0035228729248046875, 0.8399431705474854, 0.0038754940032958984, 0.0067212581634521484, 0.4239170551300049, 0.005560159683227539, 0.003505229949951172, 0.003964662551879883, 0.003467082977294922, 0.003491640090942383, 0.0033473968505859375, 0.004134654998779297, 0.33149290084838867, 0.6899290084838867, 0.004027366638183594, 0.0029757022857666016, 0.006324291229248047, 0.005425453186035156, 0.008022069931030273, 0.20789122581481934, 0.0035431385040283203, 0.0034847259521484375, 0.41018223762512207, 0.005460023880004883, 0.004051685333251953, 0.003751039505004883, 0.003885030746459961, 0.007884979248046875, 0.004552125930786133, 0.010980367660522461, 0.003618955612182617, 0.005132198333740234, 0.0033600330352783203, 0.35609936714172363, 0.007428884506225586]
Max_index = [214, 189, 251, 189, 170, 178, 169, 169, 169, 90, 124, 169, 251, 169, 169, 169, 22, 12, 148, 148, 148, 148, 148, 148, 54, 148, 148, 12, 169, 169, 169, 169, 169, 169, 169, 251, 169, 128, 45, 128]
======================= atten time ========================
Mean_values_attn = [0.0036037974059581757, 0.0032665543258190155, 0.0025698188692331314, 0.0005032261833548546, 0.00049640703946352, 0.0004964014515280724, 0.003781796433031559, 0.0005071666091680527, 0.000524335540831089, 0.0021704230457544327, 0.0005133580416440964, 0.0004984205588698387, 0.0005028778687119484, 0.0004954459145665169, 0.0004909485578536987, 0.0004965253174304962, 0.0005103107541799545, 0.0018039913848042488, 0.0032094446942210197, 0.0005074525251984596, 0.0004991721361875534, 0.0005088858306407928, 0.0005042096599936485, 0.000521455891430378, 0.0013170456513762474, 0.000493200495839119, 0.0005016354843974113, 0.0021108677610754967, 0.0005333051085472107, 0.0005056401714682579, 0.0005061822012066841, 0.000512867234647274, 0.0005201837047934532, 0.0005072643980383873, 0.0005261162295937538, 0.0005072588101029396, 0.0005150847136974335, 0.0004991320893168449, 0.0018825801089406013, 0.0005080495029687881]
Max_values_attn = [0.5274651050567627, 0.5059564113616943, 0.26902198791503906, 0.0019109249114990234, 0.00106048583984375, 0.0018529891967773438, 0.838991641998291, 0.0029637813568115234, 0.005150556564331055, 0.42336273193359375, 0.005118846893310547, 0.0017044544219970703, 0.003045797348022461, 0.0016911029815673828, 0.0016977787017822266, 0.0016715526580810547, 0.003635883331298828, 0.33091115951538086, 0.6889336109161377, 0.0029075145721435547, 0.0018665790557861328, 0.005046367645263672, 0.003753185272216797, 0.006152153015136719, 0.20743966102600098, 0.0017502307891845703, 0.0017113685607910156, 0.40941572189331055, 0.004682302474975586, 0.0027170181274414062, 0.0023174285888671875, 0.0030574798583984375, 0.00632786750793457, 0.0026454925537109375, 0.00928950309753418, 0.0029528141021728516, 0.0036439895629882812, 0.0018198490142822266, 0.35564136505126953, 0.002137422561645508]
Max_index_attn = [214, 189, 251, 251, 29, 178, 169, 169, 169, 90, 124, 169, 251, 169, 169, 169, 22, 12, 148, 148, 148, 148, 148, 148, 54, 148, 148, 12, 31, 169, 169, 124, 169, 169, 169, 251, 169, 148, 45, 4]
======================= ffn time ========================
Mean_values_ffn = [0.00024358462542295456, 0.0001751454547047615, 0.0001743696630001068, 0.00017417967319488525, 0.00017254892736673355, 0.0001764567568898201, 0.0001752888783812523, 0.0001730397343635559, 0.00017555896192789078, 0.00017530284821987152, 0.00017429515719413757, 0.00017607398331165314, 0.00017623696476221085, 0.0001747487112879753, 0.00017417129129171371, 0.0001749461516737938, 0.00017513800412416458, 0.00018027517944574356, 0.0001804456114768982, 0.00017483998090028763, 0.00017516687512397766, 0.00017514079809188843, 0.0001750122755765915, 0.00017557945102453232, 0.0001767752692103386, 0.00017540901899337769, 0.0001759687438607216, 0.00017570611089468002, 0.00017827842384576797, 0.00017755478620529175, 0.00017642974853515625, 0.00017516035586595535, 0.00018018577247858047, 0.00017652660608291626, 0.00017400365322828293, 0.00017432589083909988, 0.00017508212476968765, 0.00017879530787467957, 0.00017930474132299423, 0.00017891265451908112]
Max_values_ffn = [0.0075151920318603516, 0.0005345344543457031, 0.0003559589385986328, 0.00034236907958984375, 0.0003445148468017578, 0.0009119510650634766, 0.0006372928619384766, 0.0003135204315185547, 0.0006115436553955078, 0.0006082057952880859, 0.0005893707275390625, 0.0006062984466552734, 0.0008246898651123047, 0.0008666515350341797, 0.0006690025329589844, 0.0006566047668457031, 0.000659942626953125, 0.0018966197967529297, 0.0010962486267089844, 0.000667572021484375, 0.0006580352783203125, 0.0006861686706542969, 0.0006320476531982422, 0.0006120204925537109, 0.0006110668182373047, 0.0005965232849121094, 0.0005834102630615234, 0.0006034374237060547, 0.0010099411010742188, 0.0005948543548583984, 0.0005447864532470703, 0.0005488395690917969, 0.0015926361083984375, 0.0006811618804931641, 0.0005483627319335938, 0.0005171298980712891, 0.0005197525024414062, 0.0017540454864501953, 0.0017344951629638672, 0.0017132759094238281]
Max_index_ffn = [0, 0, 170, 0, 170, 6, 0, 171, 169, 169, 169, 169, 0, 128, 128, 128, 128, 128, 0, 128, 128, 128, 128, 148, 148, 128, 148, 128, 171, 174, 128, 128, 148, 169, 128, 128, 169, 128, 128, 128]
======================= norm time ========================
Mean_values_norm = [0.0011864248663187027, 0.000149458646774292, 0.0001479843631386757, 0.0001482143998146057, 0.00014722440391778946, 0.00014733802527189255, 0.0001475699245929718, 0.00014691147953271866, 0.00014806725084781647, 0.00014985539019107819, 0.00014822371304035187, 0.00014778412878513336, 0.0001483513042330742, 0.0001476537436246872, 0.00014795828610658646, 0.00014806445688009262, 0.00014664046466350555, 0.00014768261462450027, 0.00014710146933794022, 0.00014722254127264023, 0.00014778506010770798, 0.0001471312716603279, 0.00014811474829912186, 0.00014808308333158493, 0.00014812499284744263, 0.00014779157936573029, 0.00014903023838996887, 0.00015106704086065292, 0.00016522035002708435, 0.00014943070709705353, 0.00014997366815805435, 0.00014736969023942947, 0.00014812126755714417, 0.0001482674852013588, 0.00014753080904483795, 0.00014698226004838943, 0.00014708563685417175, 0.0001466916874051094, 0.0001516798511147499, 0.00015541724860668182]
Max_values_norm = [0.19695162773132324, 0.0003275871276855469, 0.0003037452697753906, 0.0003039836883544922, 0.0002894401550292969, 0.0003523826599121094, 0.0002722740173339844, 0.00029587745666503906, 0.00027751922607421875, 0.0005335807800292969, 0.0005276203155517578, 0.0005254745483398438, 0.0005235671997070312, 0.00052642822265625, 0.0005435943603515625, 0.0005233287811279297, 0.0004756450653076172, 0.0004420280456542969, 0.0004241466522216797, 0.0004057884216308594, 0.0003819465637207031, 0.0003600120544433594, 0.00038743019104003906, 0.0005524158477783203, 0.0005555152893066406, 0.0005345344543457031, 0.0005216598510742188, 0.0010685920715332031, 0.004349231719970703, 0.0006916522979736328, 0.00083160400390625, 0.0004379749298095703, 0.0004189014434814453, 0.0005545616149902344, 0.0006244182586669922, 0.00041961669921875, 0.00041031837463378906, 0.00041937828063964844, 0.0013990402221679688, 0.0014002323150634766]
Max_index_norm = [128, 170, 170, 170, 170, 178, 170, 170, 128, 169, 169, 169, 169, 169, 169, 169, 169, 169, 169, 169, 169, 169, 148, 148, 148, 148, 148, 58, 16, 171, 174, 148, 169, 148, 169, 169, 169, 169, 128, 128]
